linkId	fromNode	toNode	meanTime	stdTime
1000117	1	117	65	1
2000087	2	87	65	5
3000074	3	74	65	5
4000233	4	233	65	0
5000165	5	165	65	8
6000213	6	213	65	6
7000253	7	253	65	6
8000411	8	411	60	3
9000379	9	379	60	4
9000395	9	395	60	8
10000338	10	338	60	6
10000362	10	362	60	8
11000309	11	309	60	1
12000275	12	275	60	3
13000262	13	262	60	5
14000257	14	257	60	5
15000254	15	254	60	4
16000263	16	263	60	3
17000276	17	276	60	5
18000322	18	322	60	2
18000348	18	348	60	3
19000364	19	364	60	2
19000380	19	380	60	6
20000397	20	397	60	0
21000412	21	412	60	6
21000413	21	413	60	8
22000414	22	414	60	2
22000415	22	415	60	4
23000416	23	416	60	1
24000266	24	266	9	1
24000267	24	267	9	1
25000268	25	268	9	1
25000269	25	269	9	0
26000273	26	273	9	0
26000274	26	274	9	1
27000302	27	302	9	0
27000303	27	303	9	0
28000303	28	303	9	0
28000304	28	304	9	1
29000308	29	308	9	1
29000337	29	337	9	1
30000340	30	340	9	0
30000341	30	341	9	0
31000329	31	329	9	0
31000330	31	330	9	0
32000332	32	332	9	0
32000333	32	333	9	1
33000337	33	337	9	1
33000361	33	361	9	1
34000369	34	369	9	1
34000385	34	385	9	0
35000373	35	373	9	0
35000389	35	389	9	1
36000378	36	378	9	0
36000394	36	394	9	0
37000401	37	401	9	0
37000402	37	402	9	0
38000406	38	406	9	1
38000407	38	407	9	0
39000266	39	266	88	10
39000267	39	267	88	10
40000268	40	268	79	10
40000269	40	269	79	2
41000273	41	273	60	5
41000274	41	274	60	2
42000302	42	302	60	4
42000303	42	303	60	5
43000303	43	303	92	6
43000304	43	304	92	2
44000308	44	308	60	9
44000337	44	337	180	17
45000340	45	340	60	4
45000341	45	341	60	8
46000329	46	329	60	8
46000330	46	330	60	7
47000332	47	332	55	3
47000333	47	333	56	5
48000337	48	337	60	1
48000361	48	361	60	2
49000369	49	369	60	7
49000385	49	385	60	9
50000373	50	373	60	0
50000389	50	389	60	5
51000378	51	378	60	2
51000394	51	394	60	8
52000401	52	401	60	2
52000402	52	402	60	2
53000406	53	406	65	3
53000407	53	407	64	3
54000056	54	56	20	0
54000230	54	230	20	0
55000059	55	59	20	1
56000102	56	102	20	0
57000054	57	54	20	1
57000235	57	235	20	0
58000137	58	137	20	2
58000145	58	145	20	2
59000146	59	146	20	0
60000102	60	102	20	1
60000230	60	230	20	3
61000136	61	136	20	2
62000002	62	2	65	2
63000062	63	62	65	1
64000063	64	63	33	2
64000189	64	189	20	1
65000064	65	64	21	0
66000065	66	65	14	0
67000066	67	66	16	0
67000260	67	260	30	2
68000067	68	67	105	11
69000068	69	68	16	0
69000258	69	258	30	3
70000069	70	69	84	0
71000070	71	70	16	2
71000255	71	255	30	3
72000071	72	71	16	2
73000072	73	72	28	4
73000141	73	141	20	3
74000073	74	73	65	3
75000003	75	3	65	8
76000075	76	75	65	5
77000076	77	76	28	1
77000141	77	141	20	2
78000077	78	77	16	1
79000078	79	78	16	1
79000256	79	256	30	2
80000079	80	79	84	10
81000080	81	80	16	0
81000259	81	259	30	3
82000081	82	81	105	13
83000082	83	82	16	1
83000261	83	261	30	0
84000083	84	83	14	1
85000084	85	84	21	3
86000085	86	85	33	2
86000189	86	189	20	2
87000086	87	86	65	3
88000001	88	1	65	7
89000088	89	88	65	2
90000089	90	89	16	0
90000293	90	293	30	0
91000090	91	90	14	0
92000091	92	91	19	2
93000092	93	92	21	1
93000183	93	183	20	3
93000195	93	195	20	1
94000093	94	93	42	6
95000094	95	94	16	0
95000290	95	290	30	1
96000095	96	95	75	10
97000096	97	96	16	1
97000288	97	288	30	2
98000097	98	97	37	3
99000098	99	98	16	2
99000283	99	283	30	3
100000099	100	99	24	1
101000100	101	100	16	2
101000278	101	278	30	1
102000101	102	101	46	2
103000059	103	59	20	2
103000061	103	61	20	2
103000237	103	237	20	3
104000103	104	103	46	3
105000104	105	104	16	0
105000279	105	279	30	2
106000105	106	105	24	0
107000106	107	106	16	0
107000284	107	284	30	4
108000107	108	107	37	4
109000108	109	108	16	0
109000289	109	289	30	2
110000109	110	109	75	2
111000110	111	110	16	1
111000291	111	291	30	4
112000111	112	111	42	2
113000112	113	112	21	0
113000183	113	183	20	3
113000195	113	195	20	3
114000113	114	113	19	0
115000114	115	114	14	1
116000115	116	115	16	0
116000294	116	294	30	1
117000116	117	116	65	8
118000005	118	5	65	9
119000118	119	118	65	9
120000119	120	119	16	2
120000400	120	400	30	1
121000120	121	120	33	4
122000121	122	121	37	1
123000122	123	122	16	0
123000382	123	382	30	3
124000123	124	123	52	6
125000124	125	124	16	0
125000366	125	366	30	4
126000125	126	125	52	0
127000126	127	126	16	2
127000350	127	350	30	1
128000127	128	127	37	3
129000128	129	128	19	0
130000129	130	129	16	2
130000324	130	324	30	3
131000130	131	130	52	5
132000131	132	131	19	0
132000314	132	314	30	1
133000132	133	132	28	4
134000133	134	133	21	2
135000134	135	134	16	2
135000298	135	298	30	3
136000135	136	135	9	1
137000136	137	136	38	2
138000060	138	60	20	0
138000137	138	137	8	0
138000236	138	236	20	3
139000138	139	138	65	4
140000139	140	139	16	0
140000265	140	265	30	0
141000140	141	140	56	1
142000072	142	72	20	0
142000076	142	76	20	3
143000142	143	142	56	0
144000143	144	143	16	2
144000264	144	264	30	2
145000144	145	144	54	7
146000145	146	145	7	1
147000057	147	57	20	3
147000146	147	146	46	5
148000147	148	147	14	0
149000148	149	148	16	0
149000297	149	297	30	0
150000149	150	149	21	0
151000150	151	150	14	0
152000151	152	151	37	4
152000310	152	310	30	1
153000152	153	152	42	5
154000153	154	153	16	1
154000323	154	323	30	2
155000154	155	154	19	1
156000155	156	155	37	4
157000156	157	156	16	2
157000349	157	349	30	2
158000157	158	157	52	2
159000158	159	158	16	0
159000365	159	365	30	2
160000159	160	159	52	7
161000160	161	160	16	2
161000381	161	381	30	4
162000161	162	161	37	0
163000162	163	162	33	2
164000163	164	163	16	1
164000399	164	399	30	3
165000164	165	164	65	8
166000006	166	6	65	0
167000166	167	166	65	8
168000167	168	167	16	2
168000409	168	409	30	4
169000168	169	168	46	1
170000169	170	169	21	3
171000170	171	170	4	0
171000216	171	216	20	1
172000171	172	171	17	0
172000393	172	393	30	1
173000172	173	172	30	3
174000173	174	173	14	2
175000174	175	174	16	0
175000377	175	377	30	3
176000175	176	175	49	1
177000176	177	176	16	1
177000360	177	360	30	4
178000177	178	177	49	5
179000178	179	178	16	0
179000336	179	336	30	1
180000179	180	179	114	5
181000180	181	180	16	1
181000307	181	307	30	4
182000181	182	181	9	1
183000182	183	182	24	0
184000092	184	92	20	3
184000112	184	112	20	0
184000183	184	183	24	3
185000184	185	184	44	2
186000185	186	185	24	0
187000186	187	186	16	2
187000272	187	272	30	4
188000187	188	187	54	3
189000188	189	188	46	1
190000063	190	63	20	1
190000085	190	85	20	2
191000190	191	190	46	2
192000191	192	191	54	2
193000192	193	192	16	0
193000271	193	271	30	0
194000193	194	193	24	2
195000194	195	194	44	1
196000092	196	92	20	3
196000112	196	112	20	3
196000195	196	195	24	3
197000196	197	196	24	0
198000197	198	197	9	1
199000198	199	198	16	2
199000306	199	306	30	2
200000199	200	199	114	2
201000200	201	200	16	0
201000335	201	335	30	2
202000201	202	201	49	0
203000202	203	202	16	0
203000359	203	359	30	2
204000203	204	203	49	7
205000204	205	204	16	1
205000376	205	376	30	4
206000205	206	205	14	0
207000206	207	206	30	4
208000207	208	207	17	2
209000208	209	208	4	0
209000392	209	392	30	3
210000209	210	209	21	0
210000250	210	250	20	0
211000210	211	210	46	2
212000211	212	211	16	1
212000408	212	408	30	3
213000212	213	212	65	4
214000007	214	7	65	8
215000214	215	214	65	6
216000215	216	215	24	1
217000169	217	169	20	3
217000216	217	216	35	4
218000217	218	217	17	1
218000392	218	392	30	2
219000218	219	218	46	2
220000219	220	219	30	0
220000363	220	363	30	3
221000220	221	220	70	4
222000221	222	221	19	2
223000222	223	222	26	0
223000346	223	346	30	2
224000223	224	223	58	8
225000224	225	224	37	4
225000330	225	330	30	0
226000225	226	225	56	7
227000226	227	226	24	1
227000311	227	311	30	4
228000227	228	227	65	8
229000228	229	228	28	0
229000277	229	277	30	2
230000229	230	229	7	1
231000056	231	56	20	2
231000230	231	230	18	0
232000058	232	58	20	2
232000231	232	231	19	0
233000232	233	232	65	6
234000004	234	4	65	1
235000234	235	234	65	5
236000235	236	235	7	1
237000236	237	236	15	0
238000055	238	55	20	3
238000061	238	61	20	3
238000237	238	237	14	2
239000238	239	238	14	0
240000239	240	239	28	4
240000299	240	299	30	0
241000240	241	240	56	5
242000241	242	241	37	3
242000317	242	317	30	1
243000242	243	242	56	6
244000243	244	243	24	0
244000339	244	339	30	4
245000244	245	244	63	4
246000245	246	245	37	0
246000347	246	347	30	0
247000246	247	246	70	0
248000247	248	247	24	1
248000374	248	374	30	3
249000248	249	248	54	0
250000249	250	249	22	0
251000250	251	250	3	0
251000391	251	391	30	0
252000208	252	208	20	3
252000251	252	251	31	0
253000252	253	252	65	5
254000015	254	15	60	0
254000255	254	255	120	2
255000070	255	70	30	3
255000254	255	254	120	6
255000256	255	256	30	3
256000078	256	78	30	1
256000255	256	255	30	0
256000266	256	266	115	17
257000014	257	14	60	7
257000258	257	258	120	4
258000068	258	68	30	4
258000257	258	257	120	16
258000259	258	259	30	3
259000080	259	80	30	4
259000258	259	258	30	4
259000267	259	267	115	6
260000066	260	66	30	4
260000261	260	261	30	3
261000082	261	82	30	0
261000260	261	260	30	1
261000269	261	269	112	16
262000013	262	13	60	8
262000273	262	273	120	2
263000016	263	16	60	2
263000264	263	264	120	14
264000143	264	143	30	4
264000263	264	263	120	7
264000265	264	265	30	3
265000139	265	139	30	3
265000264	265	264	30	4
265000266	265	266	60	8
266000024	266	24	9	0
266000039	266	39	88	1
266000256	266	256	115	3
266000265	266	265	60	5
266000277	266	277	215	22
267000024	267	24	9	0
267000039	267	39	88	1
267000259	267	259	115	1
267000268	267	268	60	4
267000281	267	281	98	11
268000025	268	25	9	1
268000040	268	40	79	7
268000267	268	267	60	1
268000287	268	287	103	11
269000025	269	25	9	0
269000040	269	40	79	2
269000261	269	261	112	3
269000270	269	270	60	1
269000290	269	290	150	19
270000269	270	269	60	2
270000271	270	271	35	4
271000192	271	192	30	3
271000270	271	270	35	4
271000272	271	272	30	1
272000186	272	186	30	0
272000271	272	271	30	4
272000273	272	273	137	4
273000026	273	26	9	1
273000041	273	41	60	9
273000262	273	262	120	10
273000272	273	272	17	2
273000292	273	292	120	3
274000026	274	26	9	0
274000041	274	41	60	9
274000275	274	275	120	15
274000293	274	293	85	1
275000012	275	12	60	5
275000274	275	274	120	11
276000017	276	17	60	0
276000296	276	296	120	7
277000228	277	228	30	1
277000266	277	266	215	29
277000299	277	299	43	0
278000100	278	100	30	1
278000279	278	279	30	0
279000104	279	104	30	1
279000278	279	278	30	1
279000280	279	280	25	1
280000279	280	279	25	3
280000300	280	300	25	1
281000267	281	267	98	0
281000282	281	282	35	2
282000281	282	281	35	5
282000283	282	283	22	2
283000098	283	98	30	3
283000282	283	282	22	0
283000284	283	284	30	1
284000106	284	106	30	0
284000283	284	283	30	0
284000285	284	285	17	0
285000284	285	284	17	2
285000286	285	286	35	5
286000285	286	285	35	1
286000302	286	302	25	3
287000268	287	268	103	4
287000288	287	288	43	6
288000096	288	96	30	4
288000287	288	287	43	6
288000289	288	289	30	0
289000108	289	108	30	3
289000288	289	288	30	4
289000303	289	303	73	3
290000094	290	94	30	3
290000269	290	269	150	7
290000291	290	291	30	2
291000110	291	110	30	1
291000290	291	290	30	2
291000304	291	304	77	3
292000273	292	273	120	3
292000305	292	305	112	15
293000089	293	89	30	1
293000274	293	274	85	12
293000294	293	294	30	1
294000115	294	115	30	4
294000293	294	293	30	3
294000295	294	295	17	0
295000294	295	294	17	1
295000308	295	308	43	4
296000276	296	276	120	8
296000297	296	297	25	2
296000310	296	310	95	3
297000148	297	148	30	3
297000296	297	296	25	3
297000298	297	298	30	0
298000134	298	134	30	0
298000297	298	297	30	2
298000299	298	299	68	6
299000239	299	239	30	2
299000277	299	277	43	1
299000298	299	298	68	6
299000300	299	300	60	2
299000315	299	315	115	11
300000280	300	280	25	2
300000299	300	299	60	8
300000301	300	301	30	1
300000316	300	316	115	11
301000300	301	300	30	3
301000302	301	302	30	4
302000027	302	27	9	0
302000042	302	42	60	0
302000286	302	286	25	0
302000301	302	301	30	2
302000311	302	311	68	2
303000027	303	27	9	1
303000028	303	28	9	1
303000042	303	42	60	1
303000043	303	43	92	1
303000289	303	289	73	10
303000319	303	319	128	17
304000028	304	28	9	0
304000043	304	43	92	6
304000291	304	291	77	10
304000305	304	305	55	5
304000312	304	312	17	0
305000292	305	292	112	16
305000304	305	304	55	0
305000306	305	306	43	3
305000321	305	321	197	18
306000198	306	198	30	2
306000305	306	305	43	5
306000307	306	307	30	0
307000180	307	180	30	1
307000306	307	306	30	3
307000308	307	308	30	1
308000029	308	29	9	1
308000044	308	44	60	9
308000295	308	295	43	1
308000307	308	307	30	2
308000309	308	309	120	3
309000011	309	11	60	4
309000308	309	308	120	16
310000151	310	151	30	0
310000296	310	296	95	9
310000313	310	313	17	2
311000226	311	226	30	3
311000302	311	302	68	7
311000317	311	317	43	1
312000304	312	304	17	0
312000320	312	320	163	24
313000310	313	310	17	0
313000314	313	314	47	0
313000325	313	325	103	6
314000131	314	131	30	3
314000313	314	313	17	0
314000315	314	315	98	11
315000299	315	299	115	8
315000314	315	314	103	5
315000316	315	316	155	12
315000327	315	327	65	6
316000300	316	300	115	6
316000315	316	315	60	6
316000317	316	317	52	5
316000328	316	328	65	8
317000241	317	241	30	2
317000311	317	311	43	3
317000316	317	316	60	8
317000318	317	318	68	4
317000329	317	329	65	7
318000317	318	317	68	0
318000319	318	319	60	2
319000303	319	303	128	15
319000318	319	318	52	6
319000320	319	320	60	4
319000330	319	330	52	0
320000312	320	312	163	16
320000319	320	319	155	20
320000321	320	321	103	5
320000332	320	332	43	4
321000305	321	305	197	9
321000320	321	320	98	5
321000333	321	333	43	5
321000334	321	334	17	1
322000018	322	18	60	0
322000323	322	323	120	10
323000153	323	153	30	0
323000322	323	322	120	3
323000324	323	324	30	0
324000129	324	129	30	1
324000323	324	323	30	4
324000325	324	325	35	0
325000313	325	313	103	5
325000324	325	324	35	3
325000326	325	326	52	1
325000340	325	340	22	1
326000325	326	325	52	4
326000327	326	327	95	6
327000315	327	315	65	8
327000326	327	326	95	11
327000328	327	328	60	6
327000341	327	341	60	5
328000316	328	316	65	6
328000327	328	327	60	2
328000329	328	329	60	3
328000342	328	342	60	0
329000031	329	31	9	0
329000046	329	46	60	1
329000317	329	317	65	6
329000328	329	328	60	1
329000343	329	343	60	1
330000031	330	31	9	0
330000046	330	46	60	5
330000224	330	224	30	2
330000319	330	319	52	0
330000331	330	331	25	2
330000339	330	339	38	2
331000330	331	330	25	2
331000332	331	332	115	5
332000032	332	32	9	0
332000047	332	47	55	4
332000320	332	320	43	1
332000331	332	331	115	17
332000345	332	345	43	5
333000032	333	32	9	1
333000047	333	47	56	0
333000321	333	321	43	0
333000334	333	334	25	3
333000358	333	358	125	12
334000321	334	321	47	6
334000333	334	333	25	0
334000335	334	335	17	0
335000200	335	200	30	0
335000334	335	334	17	2
335000336	335	336	30	2
336000178	336	178	30	2
336000335	336	335	30	2
336000337	336	337	30	0
337000029	337	29	9	1
337000033	337	33	9	0
337000044	337	44	180	24
337000048	337	48	60	4
337000336	337	336	30	4
337000338	337	338	120	8
338000010	338	10	60	3
338000337	338	337	120	10
339000243	339	243	30	4
339000330	339	330	38	1
339000344	339	344	25	1
340000030	340	30	9	0
340000045	340	45	60	8
340000325	340	325	22	1
340000351	340	351	103	1
341000030	341	30	9	1
341000045	341	45	60	1
341000327	341	327	60	7
341000342	341	342	60	1
341000353	341	353	120	10
342000328	342	328	60	9
342000341	342	341	60	0
342000343	342	343	60	6
342000354	342	354	120	7
343000329	343	329	60	2
343000342	343	342	60	1
343000344	343	344	120	8
343000355	343	355	120	4
344000339	344	339	25	0
344000343	344	343	120	15
344000356	344	356	120	9
345000332	345	332	43	5
345000346	345	346	38	3
346000222	346	222	30	4
346000345	346	345	38	1
346000347	346	347	65	8
347000245	347	245	30	3
347000346	347	346	65	8
347000357	347	357	17	2
348000018	348	18	60	0
348000349	348	349	120	6
349000156	349	156	30	3
349000348	349	348	120	1
349000350	349	350	30	3
350000126	350	126	30	2
350000349	350	349	30	0
350000351	350	351	52	2
351000340	351	340	103	2
351000350	351	350	52	6
351000352	351	352	43	1
351000367	351	367	120	14
352000351	352	351	43	5
352000353	352	353	85	8
353000341	353	341	120	1
353000352	353	352	85	3
353000354	353	354	60	0
353000369	353	369	120	16
354000342	354	342	120	7
354000353	354	353	60	1
354000355	354	355	60	7
354000370	354	370	120	5
355000343	355	343	120	12
355000354	355	354	60	6
355000356	355	356	120	6
355000371	355	371	120	15
356000344	356	344	120	1
356000355	356	355	120	0
356000357	356	357	120	11
356000372	356	372	120	3
357000347	357	347	17	1
357000356	357	356	120	1
357000358	357	358	120	18
357000373	357	373	120	0
358000333	358	333	125	15
358000357	358	357	120	3
358000359	358	359	43	5
358000363	358	363	103	5
359000202	359	202	30	0
359000358	359	358	43	1
359000360	359	360	30	2
360000176	360	176	30	1
360000359	360	359	30	2
360000361	360	361	30	1
361000033	361	33	9	1
361000048	361	48	60	0
361000360	361	360	30	4
361000362	361	362	120	7
361000378	361	378	120	3
362000010	362	10	60	5
362000361	362	361	120	13
363000358	363	358	103	7
363000375	363	375	17	0
364000019	364	19	60	8
364000365	364	365	120	1
365000158	365	158	30	3
365000364	365	364	120	3
365000366	365	366	30	4
366000124	366	124	30	4
366000365	366	365	30	1
366000367	366	367	52	1
367000351	367	351	120	15
367000366	367	366	52	4
367000368	367	368	43	0
367000384	367	384	137	10
368000367	368	367	43	3
368000369	368	369	85	1
369000034	369	34	9	1
369000049	369	49	60	5
369000353	369	353	120	10
369000368	369	368	85	4
369000370	369	370	60	2
370000354	370	354	120	16
370000369	370	369	60	2
370000371	370	371	60	9
370000386	370	386	120	18
371000355	371	355	120	0
371000370	371	370	60	5
371000372	371	372	120	11
371000387	371	387	120	1
372000356	372	356	120	2
372000371	372	371	120	5
372000373	372	373	120	9
372000388	372	388	120	1
373000035	373	35	9	0
373000050	373	50	60	2
373000357	373	357	120	7
373000372	373	372	120	8
373000374	373	374	85	11
374000247	374	247	30	2
374000373	374	373	85	1
374000375	374	375	35	3
375000219	375	219	30	3
375000363	375	363	17	0
375000374	375	374	35	5
375000376	375	376	43	2
375000390	375	390	120	3
376000204	376	204	30	4
376000375	376	375	43	2
376000377	376	377	30	1
377000174	377	174	30	3
377000376	377	376	30	1
377000378	377	378	30	2
378000036	378	36	9	0
378000051	378	51	60	0
378000361	378	361	120	4
378000377	378	377	30	2
378000379	378	379	120	10
379000009	379	9	60	6
379000378	379	378	120	6
380000019	380	19	60	3
380000381	380	381	120	15
381000160	381	160	30	3
381000380	381	380	120	14
381000382	381	382	30	1
382000122	382	122	30	1
382000381	382	381	30	4
382000383	382	383	35	0
383000382	383	382	35	1
383000384	383	384	25	2
384000367	384	367	137	12
384000383	384	383	25	1
384000385	384	385	120	9
384000401	384	401	120	18
385000034	385	34	9	0
385000049	385	49	60	3
385000384	385	384	120	10
385000386	385	386	60	8
385000402	385	402	120	5
386000370	386	370	120	5
386000385	386	385	60	5
386000387	386	387	60	6
386000403	386	403	120	0
387000371	387	371	120	10
387000386	387	386	60	9
387000388	387	388	120	16
387000404	387	404	120	7
388000372	388	372	120	12
388000387	388	387	120	13
388000389	388	389	120	11
388000405	388	405	120	14
389000035	389	35	9	0
389000050	389	50	60	3
389000388	389	388	120	1
389000390	389	390	120	6
389000406	389	406	120	8
390000375	390	375	120	11
390000389	390	389	120	18
390000391	390	391	43	6
390000407	390	407	155	20
391000249	391	249	30	0
391000390	391	390	43	3
391000392	391	392	25	0
392000207	392	207	30	3
392000391	392	391	25	1
392000393	392	393	25	2
393000170	393	170	30	0
393000392	393	392	25	0
393000394	393	394	8	1
394000036	394	36	9	1
394000051	394	51	60	3
394000393	394	393	8	0
394000395	394	395	120	18
394000396	394	396	35	0
395000009	395	9	60	9
395000394	395	394	120	14
396000215	396	215	30	2
396000394	396	394	35	1
396000410	396	410	120	9
397000020	397	20	60	2
397000398	397	398	120	6
398000397	398	397	120	7
398000399	398	399	35	1
399000163	399	163	30	1
399000398	399	398	35	0
399000400	399	400	30	1
400000119	400	119	30	1
400000399	400	399	30	3
400000401	400	401	8	0
401000037	401	37	9	0
401000052	401	52	60	8
401000384	401	384	120	8
401000400	401	400	8	0
402000037	402	37	9	0
402000052	402	52	60	8
402000385	402	385	120	12
402000403	402	403	60	2
402000412	402	412	120	10
403000386	403	386	120	4
403000402	403	402	60	9
403000404	403	404	60	8
404000387	404	387	120	18
404000403	404	403	60	3
404000405	404	405	120	13
404000413	404	413	120	8
405000388	405	388	120	16
405000404	405	404	120	9
405000406	405	406	120	15
405000414	405	414	120	13
406000038	406	38	9	1
406000053	406	53	65	9
406000389	406	389	120	11
406000405	406	405	120	1
406000415	406	415	120	0
407000038	407	38	9	1
407000053	407	53	64	9
407000390	407	390	155	2
407000408	407	408	65	1
407000416	407	416	120	9
408000211	408	211	30	1
408000407	408	407	65	1
408000409	408	409	30	4
409000167	409	167	30	3
409000408	409	408	30	0
409000410	409	410	13	1
410000396	410	396	120	8
410000409	410	409	13	1
410000411	410	411	120	0
411000008	411	8	60	8
411000410	411	410	120	5
412000021	412	21	60	2
412000402	412	402	120	16
413000021	413	21	60	7
413000404	413	404	120	7
414000022	414	22	60	5
414000405	414	405	120	8
415000022	415	22	60	5
415000406	415	406	120	6
416000023	416	23	60	9
416000407	416	407	120	17
