linkId	fromNode	toNode	meanTime	stdTime
388000390	388	390	665	99
388000391	388	391	359	48
388000708	388	708	174	7
388000802	388	802	287	40
389000390	389	390	260	13
389000801	389	801	575	82
389000914	389	914	238	27
390000388	390	388	665	5
390000389	390	389	260	14
390000925	390	925	416	52
391000388	391	388	359	39
391000392	391	392	253	18
391000709	391	709	32	1
391000715	391	715	382	2
392000391	392	391	253	24
392000393	392	393	153	13
392000713	392	713	63	6
392000717	392	717	179	5
393000392	393	392	153	22
393000394	393	394	205	16
393000712	393	712	157	10
393000716	393	716	112	10
394000393	394	393	205	11
394000395	394	395	145	16
394000584	394	584	298	18
394000601	394	601	105	14
395000394	395	394	145	16
395000396	395	396	219	16
395000584	395	584	233	29
395000600	395	600	82	6
396000395	396	395	219	22
396000397	396	397	127	13
397000396	397	396	127	5
397000398	397	398	142	19
397000588	397	588	181	9
397000604	397	604	77	4
398000397	398	397	142	17
398000399	398	399	43	4
398000400	398	400	127	10
398000403	398	403	184	12
399000398	399	398	43	5
399000537	399	537	257	12
399000604	399	604	199	23
399000609	399	609	53	1
400000398	400	398	127	4
400000401	400	401	245	10
400000587	400	587	53	2
400000609	400	609	403	54
401000400	401	400	245	12
401000402	401	402	101	12
401000585	401	585	102	13
401000590	401	590	109	6
402000401	402	401	101	10
403000398	403	398	184	4
403000404	403	404	196	23
403000606	403	606	170	19
403000611	403	611	124	4
404000403	404	403	196	4
404000405	404	405	63	6
404000675	404	675	188	19
404000680	404	680	76	5
405000404	405	404	63	1
405000406	405	406	152	22
405000488	405	488	61	8
406000405	406	405	152	3
406000407	406	407	199	6
406000677	406	677	120	10
406000682	406	682	147	15
407000406	407	406	199	14
407000408	407	408	195	13
407000687	407	687	103	9
407000692	407	692	148	13
408000407	408	407	195	15
408000409	408	409	130	8
408000689	408	689	131	13
408000694	408	694	127	2
409000408	409	408	130	15
409000410	409	410	236	32
409000538	409	538	88	11
409000539	409	539	172	16
410000409	410	409	236	34
410000411	410	411	163	5
410000690	410	690	174	7
410000700	410	700	65	5
411000410	411	410	163	9
411000412	411	412	164	24
411000685	411	685	182	8
411000695	411	695	62	2
412000411	412	411	164	2
412000413	412	413	157	5
413000412	413	412	157	12
413000414	413	414	157	8
413000730	413	730	201	20
413000734	413	734	39	5
414000413	414	413	157	4
414000415	414	415	246	26
414000731	414	731	197	7
414000735	414	735	32	4
415000414	415	414	246	6
415000416	415	416	340	19
415000727	415	727	288	42
415000733	415	733	181	5
416000415	416	415	340	10
416000417	416	417	309	26
416000726	416	726	92	0
416000732	416	732	317	23
417000416	417	416	309	40
417000732	417	732	590	32
417000913	417	913	207	14
417000926	417	926	377	35
418000419	418	419	316	39
418000921	418	921	232	3
418000922	418	922	286	22
418000923	418	923	539	64
419000418	419	418	316	0
419000420	419	420	268	31
419000739	419	739	304	27
419000743	419	743	86	4
420000419	420	419	268	13
420000421	420	421	197	21
420000751	420	751	154	9
420000752	420	752	101	12
421000420	421	420	197	2
421000422	421	422	212	23
421000753	421	753	56	5
421000754	421	754	172	10
422000421	422	421	212	17
422000423	422	423	187	14
422000762	422	762	52	5
422000766	422	766	217	26
423000422	423	422	187	25
423000424	423	424	206	26
423000764	423	764	36	3
423000767	423	767	245	17
424000423	424	423	206	2
424000425	424	425	199	2
424000773	424	773	78	7
424000777	424	777	223	24
425000424	425	424	199	26
425000426	425	426	103	9
425000775	425	775	157	14
425000779	425	779	89	10
426000425	426	425	103	1
426000427	426	427	67	5
426000441	426	441	289	23
427000426	427	426	67	2
427000428	427	428	210	5
427000594	427	594	86	3
427000779	427	779	159	16
428000427	428	427	210	14
428000429	428	429	47	6
428000431	428	431	62	7
429000428	429	428	47	1
429000430	429	430	38	4
429000593	429	593	143	10
429000778	429	778	166	5
430000429	430	429	38	0
431000428	431	428	62	6
431000432	431	432	211	22
431000593	431	593	76	1
431000597	431	597	175	9
432000431	432	431	211	24
432000433	432	433	157	4
432000595	432	595	190	18
432000599	432	599	80	7
433000432	433	432	157	8
433000434	433	434	141	11
433000616	433	616	204	5
433000617	433	617	90	11
434000433	434	433	141	5
434000435	434	435	184	10
434000618	434	618	247	30
434000619	434	619	39	3
435000434	435	434	184	26
435000436	435	436	115	11
435000552	435	552	53	1
435000554	435	554	236	28
436000435	436	435	115	6
436000437	436	437	185	10
436000496	436	496	61	2
437000436	437	436	185	9
437000438	437	438	248	16
437000554	437	554	37	0
437000556	437	556	431	23
438000437	438	437	248	26
438000439	438	439	144	1
438000535	438	535	490	2
438000536	438	536	127	17
438000540	438	540	101	1
439000438	439	438	144	17
439000440	439	440	152	4
439000614	439	614	163	2
439000615	439	615	116	4
440000439	440	439	152	20
440000441	440	441	158	10
440000612	440	612	158	0
440000613	440	613	113	4
441000426	441	426	289	24
441000440	441	440	158	13
441000591	441	591	191	6
441000596	441	596	43	6
442000443	442	443	215	9
442000898	442	898	389	52
442000899	442	899	167	6
442000929	442	929	379	53
443000442	443	442	215	11
443000444	443	444	267	25
443000897	443	897	78	7
443000898	443	898	239	19
444000443	444	443	267	2
444000445	444	445	300	23
445000444	445	444	300	10
445000446	445	446	376	13
445000885	445	885	382	35
445000886	445	886	63	8
446000445	446	445	376	1
446000447	446	447	347	44
446000858	446	858	145	10
446000859	446	859	313	3
447000446	447	446	347	24
447000448	447	448	239	0
447000848	447	848	335	46
447000849	447	849	112	14
448000447	448	447	239	3
448000449	448	449	197	21
448000664	448	664	167	4
448000665	448	665	70	4
449000448	449	448	197	28
449000450	449	450	120	1
449000662	449	662	175	6
449000663	449	663	85	8
450000449	450	449	120	14
450000451	450	451	86	0
450000453	450	453	274	0
450000508	450	508	228	4
451000450	451	450	86	2
451000452	451	452	131	19
451000654	451	654	109	7
451000655	451	655	149	21
452000451	452	451	131	13
452000525	452	525	139	13
452000652	452	652	130	9
452000654	452	654	137	10
453000450	453	450	274	39
453000454	453	454	616	56
453000650	453	650	169	9
453000841	453	841	89	10
454000453	454	453	616	70
454000455	454	455	194	8
454000838	454	838	116	7
454000840	454	840	147	3
455000454	455	454	194	25
455000456	455	456	162	21
455000833	455	833	162	19
455000835	455	835	171	6
456000455	456	455	162	14
456000457	456	457	176	17
456000834	456	834	121	18
456000836	456	836	145	11
457000456	457	456	176	2
457000458	457	458	90	9
457000829	457	829	219	31
457000831	457	831	43	6
458000457	458	457	90	4
458000459	458	459	86	9
458000467	458	467	310	23
458000468	458	468	175	22
459000458	459	458	86	3
459000460	459	460	280	32
459000832	459	832	76	10
459000845	459	845	463	34
460000459	460	459	280	29
460000461	460	461	378	15
460000872	460	872	352	21
460000875	460	875	133	8
461000460	461	460	378	49
461000462	461	462	323	33
461000874	461	874	141	17
461000877	461	877	352	48
462000461	462	461	323	0
462000873	462	873	207	13
462000876	462	876	261	6
462000927	462	927	467	30
463000464	463	464	234	4
463000928	463	928	958	90
464000463	464	463	234	30
464000465	464	465	433	59
464000883	464	883	235	18
464000884	464	884	191	22
465000464	465	464	433	56
465000466	465	466	344	5
465000862	465	862	270	23
465000881	465	881	149	7
466000465	466	465	344	3
466000467	466	467	320	26
466000855	466	855	100	7
466000862	466	862	324	44
467000458	467	458	310	18
467000466	467	466	320	19
467000845	467	845	125	15
467000855	467	855	353	31
468000458	468	458	175	15
468000469	468	469	175	1
468000829	468	829	80	0
468000830	468	830	171	1
469000468	469	468	175	1
469000470	469	470	164	13
469000819	469	819	20	3
469000824	469	824	241	35
470000469	470	469	164	1
470000471	470	471	247	27
470000817	470	817	44	3
470000822	470	822	202	2
471000470	471	470	247	22
471000472	471	472	175	9
471000815	471	815	230	21
471000816	471	816	37	0
472000471	472	471	175	17
472000473	472	473	105	13
472000813	472	813	83	5
472000815	472	815	133	14
473000472	473	472	105	8
473000474	473	474	194	15
473000475	473	475	190	7
473000707	473	707	263	13
473000813	473	813	86	11
474000473	474	473	194	14
474000538	474	538	199	15
474000701	474	701	104	2
474000706	474	706	147	17
475000473	475	473	190	24
475000476	475	476	101	0
475000706	475	706	185	14
475000707	475	707	104	6
476000475	476	475	101	9
476000477	476	477	223	7
476000705	476	705	121	1
476000707	476	707	167	25
477000476	477	476	223	32
477000478	477	478	152	22
477000503	477	503	53	6
477000504	477	504	57	4
478000477	478	477	152	17
478000479	478	479	194	11
478000633	478	633	115	6
478000703	478	703	161	13
479000478	479	478	194	24
479000480	479	480	79	0
479000629	479	629	127	10
479000693	479	693	113	11
480000479	480	479	79	1
480000481	480	481	85	2
480000483	480	483	101	4
480000484	480	484	128	13
480000486	480	486	122	12
481000480	481	480	85	12
481000482	481	482	32	0
481000483	481	483	100	9
481000691	481	691	145	14
482000481	482	481	32	0
483000480	483	480	101	11
483000481	483	481	100	11
483000539	483	539	200	28
483000693	483	693	30	0
484000480	484	480	128	6
484000485	484	485	196	18
484000627	484	627	119	17
484000629	484	629	219	23
485000484	485	484	196	7
485000489	485	489	160	18
485000626	485	626	101	0
485000628	485	628	170	5
486000480	486	480	122	15
486000535	486	535	17	0
486000627	486	627	133	4
486000691	486	691	144	15
487000488	487	488	159	13
487000535	487	535	247	37
487000681	487	681	82	6
487000682	487	682	182	8
488000405	488	405	61	3
488000487	488	487	159	16
488000680	488	680	178	21
488000682	488	682	166	5
489000485	489	485	160	5
489000490	489	490	64	8
489000630	489	630	161	22
489000631	489	631	254	37
490000489	490	489	64	8
490000491	490	491	157	12
490000557	490	557	215	10
490000631	490	631	228	4
491000490	491	490	157	23
491000492	491	492	170	25
491000558	491	558	192	14
491000559	491	559	36	2
492000491	492	491	170	6
492000493	492	493	82	7
492000561	492	561	185	9
492000562	492	562	29	4
493000492	493	492	82	0
493000494	493	494	134	6
493000497	493	497	116	10
493000562	493	562	76	11
493000564	493	564	82	4
494000493	494	493	134	8
494000495	494	495	169	13
494000561	494	561	60	3
494000563	494	563	140	11
495000494	495	494	169	13
495000496	495	496	154	22
495000551	495	551	281	3
495000560	495	560	56	1
496000436	496	436	61	2
496000495	496	495	154	17
496000553	496	553	78	6
496000556	496	556	223	23
497000493	497	493	116	6
497000498	497	498	40	3
498000497	498	497	40	2
498000499	498	499	80	4
498000533	498	533	97	11
499000498	499	498	80	4
499000500	499	500	170	23
499000567	499	567	94	14
499000569	499	569	139	19
500000499	500	499	170	16
500000501	500	501	217	1
500000566	500	566	109	10
500000570	500	570	82	8
501000500	501	500	217	12
501000502	501	502	209	20
501000571	501	571	149	21
501000636	501	636	37	4
502000501	502	501	209	15
502000503	502	503	232	6
502000632	502	632	100	15
502000634	502	634	235	32
503000477	503	477	53	0
503000502	503	502	232	13
503000504	503	504	31	3
503000633	503	633	210	10
504000477	504	477	57	7
504000503	504	503	31	2
504000505	504	505	211	26
504000635	504	635	27	4
505000504	505	504	211	8
505000506	505	506	145	7
505000634	505	634	89	4
505000639	505	639	145	1
506000505	506	505	145	21
506000507	506	507	235	16
506000639	506	639	108	11
506000644	506	644	155	21
507000506	507	506	235	14
507000508	507	508	472	50
507000578	507	578	485	12
507000646	507	646	91	1
508000450	508	450	228	31
508000507	508	507	472	18
508000509	508	509	145	8
509000508	509	508	145	8
509000510	509	510	194	28
509000659	509	659	35	2
509000667	509	667	303	8
510000509	510	509	194	3
510000511	510	511	18	0
510000658	510	658	22	1
510000666	510	666	245	11
511000510	511	510	18	1
511000512	511	512	133	14
511000521	511	521	187	25
511000522	511	522	282	12
512000511	512	511	133	3
512000513	512	513	224	20
512000661	512	661	35	4
512000670	512	670	449	39
513000512	513	512	224	25
513000514	513	514	319	38
513000902	513	902	215	11
513000905	513	905	547	0
514000513	514	513	319	14
514000515	514	515	266	9
514000903	514	903	157	20
514000905	514	905	676	53
515000514	515	514	266	13
515000516	515	516	346	19
515000534	515	534	97	13
515000544	515	544	17	1
515000932	515	932	356	27
516000515	516	515	346	38
516000517	516	517	364	51
516000903	516	903	538	9
516000906	516	906	97	12
517000516	517	516	364	42
517000518	517	518	398	35
517000908	517	908	153	13
517000909	517	909	263	12
518000517	518	517	398	17
518000911	518	911	316	14
518000912	518	912	98	6
518000930	518	930	559	56
519000520	519	520	45	6
519000521	519	521	163	1
519000668	519	668	38	2
519000670	519	670	188	17
520000519	520	519	45	2
521000511	521	511	187	14
521000519	521	519	163	16
521000666	521	666	33	1
521000670	521	670	236	32
522000511	522	511	282	10
522000523	522	523	439	41
523000522	523	522	439	20
523000530	523	530	134	9
523000545	523	545	7	0
524000525	524	525	194	18
524000545	524	545	265	22
524000578	524	578	280	29
524000647	524	647	95	8
525000452	525	452	139	7
525000524	525	524	194	27
525000652	525	652	154	0
525000657	525	657	151	21
526000527	526	527	361	31
526000528	526	528	590	57
526000541	526	541	26	1
526000546	526	546	194	25
527000526	527	526	361	49
527000542	527	542	39	0
527000543	527	543	238	17
527000546	527	546	254	28
528000526	528	526	590	0
528000529	528	529	86	0
528000573	528	573	340	1
528000575	528	575	53	4
529000528	529	528	86	2
529000530	529	530	123	5
529000531	529	531	73	10
530000523	530	523	134	4
530000529	530	529	123	17
530000575	530	575	164	14
530000577	530	577	169	16
531000529	531	529	73	2
531000532	531	532	99	0
531000573	531	573	205	14
531000574	531	574	177	10
532000531	532	531	99	7
532000533	532	533	91	9
532000569	532	569	177	3
532000574	532	574	134	7
533000498	533	498	97	8
533000532	533	532	91	3
533000568	533	568	76	11
533000569	533	569	179	2
534000515	534	515	97	5
534000543	534	543	199	20
534000933	534	933	358	1
535000438	535	438	490	67
535000486	535	486	17	0
535000487	535	487	247	32
536000438	536	438	127	18
536000537	536	537	194	19
536000615	536	615	91	3
537000399	537	399	257	1
537000536	537	536	194	18
537000608	537	608	199	27
537000610	537	610	49	2
538000409	538	409	88	12
538000474	538	474	199	0
538000699	538	699	27	4
538000704	538	704	251	28
539000409	539	409	172	14
539000483	539	483	200	7
539000694	539	694	37	3
539000704	539	704	293	4
540000438	540	438	101	13
540000583	540	583	34	2
540000622	540	622	105	4
541000526	541	526	26	2
541000582	541	582	346	27
541000902	541	902	481	69
542000527	542	527	39	5
542000902	542	902	253	5
542000903	542	903	368	13
543000527	543	527	238	31
543000534	543	534	199	1
543000903	543	903	84	7
544000515	544	515	17	2
544000903	544	903	323	17
544000904	544	904	195	12
545000523	545	523	7	1
545000524	545	524	265	15
545000577	545	577	217	28
545000580	545	580	90	9
546000526	546	526	194	5
546000527	546	527	254	0
547000548	547	548	196	20
547000549	547	549	293	39
547000621	547	621	173	13
548000547	548	547	196	26
548000550	548	550	349	32
548000552	548	552	269	38
548000618	548	618	211	29
549000547	549	547	293	27
549000550	549	550	197	4
549000551	549	551	253	32
550000548	550	548	349	20
550000549	550	549	197	26
550000551	550	551	311	26
550000552	550	552	466	27
550000553	550	553	235	29
550000560	550	560	324	16
551000495	551	495	281	8
551000549	551	549	253	8
551000550	551	550	311	0
551000563	551	563	185	24
552000435	552	435	53	5
552000548	552	548	269	19
552000550	552	550	466	21
552000553	552	553	274	24
552000618	552	618	260	10
552000619	552	619	288	8
553000496	553	496	78	3
553000550	553	550	235	26
553000552	553	552	274	30
553000560	553	560	238	31
554000435	554	435	236	15
554000437	554	437	37	0
554000614	554	614	302	9
554000619	554	619	298	8
554000622	554	622	347	18
554000625	554	625	203	0
555000556	555	556	382	44
555000622	555	622	293	14
555000624	555	624	161	1
555000625	555	625	95	5
556000437	556	437	431	11
556000496	556	496	223	4
556000555	556	555	382	51
556000557	556	557	355	53
556000560	556	560	338	3
556000624	556	624	557	80
557000490	557	490	215	0
557000556	557	556	355	23
557000558	557	558	239	4
557000559	557	559	338	21
557000624	557	624	555	0
557000630	557	630	225	13
558000491	558	491	192	25
558000557	558	557	239	20
558000560	558	560	242	17
558000561	558	561	256	8
559000491	559	491	36	5
559000557	559	557	338	13
559000562	559	562	340	12
559000566	559	566	275	30
559000631	559	631	366	28
560000495	560	495	56	8
560000550	560	550	324	28
560000553	560	553	238	0
560000556	560	556	338	2
560000558	560	558	242	29
560000561	560	561	263	10
561000492	561	492	185	0
561000494	561	494	60	2
561000558	561	558	256	30
561000560	561	560	263	22
562000492	562	492	29	2
562000493	562	493	76	11
562000559	562	559	340	26
562000563	562	563	337	44
562000567	562	567	193	27
563000494	563	494	140	5
563000551	563	551	185	4
563000562	563	562	337	35
563000564	563	564	128	16
564000493	564	493	82	3
564000563	564	563	128	2
564000565	564	565	130	11
565000564	565	564	130	2
565000568	565	568	125	4
565000569	565	569	393	57
566000500	566	500	109	5
566000559	566	559	275	41
566000567	566	567	326	34
566000631	566	631	437	36
567000499	567	499	94	1
567000562	567	562	193	15
567000566	567	566	326	28
568000533	568	533	76	6
568000565	568	565	125	8
568000574	568	574	185	15
569000499	569	499	139	18
569000532	569	532	177	10
569000533	569	533	179	5
569000565	569	565	393	47
569000570	569	570	335	38
569000572	569	572	474	12
569000573	569	573	305	34
570000500	570	500	82	5
570000569	570	569	335	1
570000571	570	571	389	43
570000572	570	572	319	26
571000501	571	501	149	15
571000570	571	570	389	9
571000572	571	572	347	15
571000631	571	631	404	55
571000632	571	632	466	48
571000634	571	634	378	36
571000637	571	637	269	36
572000569	572	569	474	51
572000570	572	570	319	28
572000571	572	571	347	26
572000573	572	573	295	27
572000576	572	576	252	21
572000637	572	637	387	45
573000528	573	528	340	3
573000531	573	531	205	11
573000569	573	569	305	40
573000572	573	572	295	10
573000577	573	577	295	31
574000531	574	531	177	3
574000532	574	532	134	1
574000568	574	568	185	5
574000575	574	575	292	8
575000528	575	528	53	0
575000530	575	530	164	1
575000574	575	574	292	1
575000580	575	580	363	23
575000581	575	581	247	20
576000572	576	572	252	27
576000577	576	577	383	50
576000578	576	578	380	56
576000637	576	637	348	23
576000643	576	643	212	11
577000530	577	530	169	9
577000545	577	545	217	7
577000573	577	573	295	8
577000576	577	576	383	9
577000578	577	578	278	5
578000507	578	507	485	39
578000524	578	524	280	32
578000576	578	576	380	14
578000577	578	577	278	22
578000579	578	579	437	1
578000580	578	580	383	17
578000643	578	643	227	24
578000645	578	645	351	17
579000578	579	578	437	46
579000580	579	580	255	38
579000582	579	582	305	34
579000647	579	647	211	4
579000656	579	656	398	37
580000545	580	545	90	1
580000575	580	575	363	20
580000578	580	578	383	53
580000579	580	579	255	17
580000581	580	581	587	43
580000582	580	582	389	29
581000575	581	575	247	11
581000580	581	580	587	35
581000582	581	582	408	26
582000541	582	541	346	38
582000579	582	579	305	9
582000580	582	580	389	23
582000581	582	581	408	27
582000660	582	660	353	49
583000540	583	540	34	4
584000394	584	394	298	20
584000395	584	395	233	16
584000586	584	586	369	34
584000588	584	588	364	34
584000605	584	605	484	12
584000710	584	710	343	34
584000712	584	712	449	11
584000768	584	768	609	23
584000808	584	808	638	69
585000401	585	401	102	10
585000586	585	586	241	1
585000587	585	587	278	12
585000771	585	771	233	30
586000584	586	584	369	7
586000585	586	585	241	36
586000588	586	588	266	24
586000772	586	772	230	32
587000400	587	400	53	0
587000585	587	585	278	18
587000588	587	588	284	21
587000592	587	592	322	47
587000604	587	604	247	22
588000397	588	397	181	27
588000584	588	584	364	25
588000586	588	586	266	20
588000587	588	587	284	28
589000590	589	590	269	25
589000591	589	591	220	12
589000594	589	594	251	16
589000775	589	775	298	3
590000401	590	401	109	12
590000589	590	589	269	18
590000592	590	592	257	1
590000776	590	776	286	1
591000441	591	441	191	2
591000589	591	589	220	6
591000592	591	592	277	8
591000608	591	608	313	25
591000613	591	613	227	14
592000587	592	587	322	28
592000590	592	590	257	30
592000591	592	591	277	35
592000608	592	608	262	26
592000609	592	609	302	3
593000429	593	429	143	3
593000431	593	431	76	9
593000594	593	594	272	30
593000595	593	595	251	25
594000427	594	427	86	7
594000589	594	589	251	10
594000593	594	593	272	36
594000596	594	596	278	26
595000432	595	432	190	14
595000593	595	593	251	29
595000596	595	596	245	15
595000612	595	612	424	37
595000617	595	617	280	26
596000441	596	441	43	2
596000594	596	594	278	18
596000595	596	595	245	32
596000612	596	612	254	0
596000613	596	613	365	14
597000431	597	431	175	17
597000599	597	599	272	15
597000778	597	778	638	56
598000599	598	599	255	34
598000616	598	616	271	18
598000620	598	620	237	18
599000432	599	432	80	10
599000597	599	597	272	12
599000598	599	598	255	9
599000616	599	616	353	40
599000617	599	617	272	35
600000395	600	395	82	5
600000601	600	601	224	27
600000602	600	602	199	21
600000605	600	605	220	32
601000394	601	394	105	4
601000600	601	600	224	4
601000603	601	603	234	18
601000716	601	716	310	29
602000600	602	600	199	2
602000603	602	603	229	31
602000607	602	607	272	39
602000671	602	671	283	40
603000601	603	601	234	3
603000602	603	602	229	34
603000672	603	672	227	28
603000718	603	718	239	18
604000397	604	397	77	8
604000399	604	399	199	9
604000587	604	587	247	10
604000605	604	605	245	17
604000606	604	606	223	5
605000584	605	584	484	71
605000600	605	600	220	7
605000604	605	604	245	16
605000607	605	607	330	41
606000403	606	403	170	17
606000604	606	604	223	11
606000607	606	607	245	13
606000675	606	675	384	29
607000602	607	602	272	12
607000605	607	605	330	1
607000606	607	606	245	4
607000676	607	676	412	25
608000537	608	537	199	4
608000591	608	591	313	17
608000592	608	592	262	32
608000609	608	609	265	13
608000613	608	613	258	21
609000399	609	399	53	7
609000400	609	400	403	54
609000592	609	592	302	17
609000608	609	608	265	20
609000611	609	611	229	30
610000537	610	537	49	2
610000611	610	611	224	21
610000615	610	615	251	32
610000679	610	679	286	41
611000403	611	403	124	13
611000609	611	609	229	9
611000610	611	610	224	19
611000680	611	680	260	0
612000440	612	440	158	9
612000595	612	595	424	36
612000596	612	596	254	16
612000614	612	614	256	25
612000617	612	617	263	25
613000440	613	440	113	9
613000591	613	591	227	4
613000596	613	596	365	42
613000608	613	608	258	26
613000615	613	615	217	12
614000439	614	439	163	10
614000554	614	554	302	13
614000612	614	612	256	18
614000619	614	619	339	23
614000622	614	622	364	53
615000439	615	439	116	15
615000536	615	536	91	11
615000610	615	610	251	16
615000613	615	613	217	0
615000622	615	622	302	26
616000433	616	433	204	2
616000598	616	598	271	15
616000599	616	599	353	35
616000618	616	618	191	14
616000620	616	620	227	17
617000433	617	433	90	3
617000595	617	595	280	2
617000599	617	599	272	2
617000612	617	612	263	2
617000619	617	619	202	17
618000434	618	434	247	33
618000548	618	548	211	19
618000552	618	552	260	16
618000616	618	616	191	24
618000621	618	621	233	20
619000434	619	434	39	3
619000552	619	552	288	28
619000554	619	554	298	21
619000614	619	614	339	33
619000617	619	617	202	18
620000598	620	598	237	28
620000616	620	616	227	28
620000621	620	621	157	20
621000547	621	547	173	1
621000618	621	618	233	33
621000620	621	620	157	19
622000540	622	540	105	15
622000554	622	554	347	40
622000555	622	555	293	14
622000614	622	614	364	42
622000615	622	615	302	24
622000623	622	623	301	42
622000625	622	625	288	21
623000622	623	622	301	35
623000624	623	624	376	39
623000627	623	627	290	13
623000681	623	681	259	37
624000555	624	555	161	1
624000556	624	556	557	78
624000557	624	557	555	67
624000623	624	623	376	55
624000626	624	626	266	9
625000554	625	554	203	4
625000555	625	555	95	5
625000622	625	622	288	40
626000485	626	485	101	3
626000624	626	624	266	1
626000627	626	627	306	27
626000630	626	630	259	9
627000484	627	484	119	2
627000486	627	486	133	8
627000623	627	623	290	17
627000626	627	626	306	9
628000485	628	485	170	2
628000629	628	629	287	27
628000631	628	631	393	19
628000632	628	632	299	13
629000479	629	479	127	5
629000484	629	484	219	20
629000628	629	628	287	1
629000633	629	633	293	5
630000489	630	489	161	4
630000557	630	557	225	20
630000626	630	626	259	2
631000489	631	489	254	14
631000490	631	490	228	30
631000559	631	559	366	15
631000566	631	566	437	11
631000571	631	571	404	39
631000628	631	628	393	24
631000636	631	636	262	13
632000502	632	502	100	5
632000571	632	571	466	2
632000628	632	628	299	4
632000633	632	633	272	20
632000636	632	636	250	26
633000478	633	478	115	11
633000503	633	503	210	12
633000629	633	629	293	8
633000632	633	632	272	21
634000502	634	502	235	11
634000505	634	505	89	5
634000571	634	571	378	30
634000635	634	635	232	16
634000637	634	637	325	7
635000504	635	504	27	4
635000634	635	634	232	21
635000640	635	640	218	2
635000705	635	705	254	13
636000501	636	501	37	3
636000631	636	631	262	0
636000632	636	632	250	19
637000571	637	571	269	40
637000572	637	572	387	37
637000576	637	576	348	3
637000634	637	634	325	34
637000644	637	644	269	29
638000640	638	640	398	32
638000642	638	642	326	47
638000707	638	707	247	11
638000815	638	815	343	14
638000825	638	825	218	13
638000826	638	826	288	31
639000505	639	505	145	3
639000506	639	506	108	7
639000640	639	640	211	13
639000641	639	641	285	28
640000635	640	635	218	23
640000638	640	638	398	26
640000639	640	639	211	1
640000642	640	642	263	18
641000639	641	639	285	19
641000642	641	642	213	27
641000646	641	646	234	3
641000648	641	648	281	19
642000638	642	638	326	42
642000640	642	640	263	28
642000641	642	641	213	11
642000649	642	649	257	16
643000576	643	576	212	20
643000578	643	578	227	24
643000644	643	644	296	6
644000506	644	506	155	9
644000637	644	637	269	37
644000643	644	643	296	2
644000646	644	646	314	29
645000578	645	578	351	27
645000646	645	646	265	24
645000647	645	647	238	25
645000652	645	652	229	18
646000507	646	507	91	10
646000641	646	641	234	21
646000644	646	644	314	25
646000645	646	645	265	23
646000653	646	653	248	16
647000524	647	524	95	4
647000579	647	579	211	15
647000645	647	645	238	24
647000657	647	657	218	16
648000641	648	641	281	5
648000649	648	649	269	22
648000650	648	650	239	22
648000653	648	653	237	25
649000642	649	642	257	18
649000648	649	648	269	2
649000651	649	651	234	1
649000825	649	825	241	14
650000453	650	453	169	23
650000648	650	648	239	22
650000651	650	651	261	19
650000655	650	655	296	4
651000649	651	649	234	9
651000650	651	650	261	28
651000827	651	827	239	7
651000842	651	842	270	7
652000452	652	452	130	18
652000525	652	525	154	4
652000645	652	645	229	34
652000653	652	653	257	24
653000646	653	646	248	11
653000648	653	648	237	22
653000652	653	652	257	2
653000655	653	655	289	0
654000451	654	451	109	1
654000452	654	452	137	20
654000659	654	659	289	20
654000662	654	662	261	31
655000451	655	451	149	9
655000650	655	650	296	32
655000653	655	653	289	39
655000663	655	663	263	33
656000579	656	579	398	55
656000657	656	657	338	31
656000658	656	658	285	24
656000660	656	660	230	34
657000525	657	525	151	19
657000647	657	647	218	12
657000656	657	656	338	19
657000659	657	659	313	4
658000510	658	510	22	2
658000656	658	656	285	29
658000659	658	659	334	30
658000661	658	661	218	29
659000509	659	509	35	1
659000654	659	654	289	28
659000657	659	657	313	46
659000658	659	658	334	14
660000582	660	582	353	41
660000656	660	656	230	30
660000661	660	661	277	20
660000902	660	902	362	36
661000512	661	512	35	1
661000658	661	658	218	7
661000660	661	660	277	36
661000902	661	902	477	49
662000449	662	449	175	13
662000654	662	654	261	22
662000664	662	664	227	20
662000667	662	667	323	42
663000449	663	449	85	3
663000655	663	655	263	13
663000665	663	665	257	20
663000841	663	841	250	28
664000448	664	448	167	14
664000662	664	662	227	25
664000669	664	669	230	14
664000849	664	849	353	25
665000448	665	448	70	9
665000663	665	663	257	0
665000843	665	843	224	32
665000849	665	849	389	0
666000510	666	510	245	2
666000521	666	521	33	0
666000667	666	667	281	41
666000668	666	668	251	2
667000509	667	509	303	38
667000662	667	662	323	0
667000666	667	666	281	12
667000669	667	669	259	7
668000519	668	519	38	1
668000666	668	666	251	6
668000669	668	669	285	15
668000850	668	850	230	10
669000664	669	664	230	5
669000667	669	667	259	23
669000668	669	668	285	18
669000851	669	851	277	11
670000512	670	512	449	51
670000519	670	519	188	9
670000521	670	521	236	21
670000854	670	854	619	2
670000902	670	902	622	12
670000905	670	905	600	7
671000602	671	602	283	41
671000672	671	672	220	8
671000673	671	673	239	8
671000676	671	676	235	18
672000603	672	603	227	26
672000671	672	671	220	31
672000674	672	674	239	34
672000722	672	722	215	16
673000671	673	671	239	19
673000674	673	674	230	31
673000678	673	678	220	25
673000683	673	683	256	16
674000672	674	672	239	35
674000673	674	673	230	21
674000684	674	684	257	28
674000724	674	724	270	34
675000404	675	404	188	11
675000606	675	606	384	10
675000676	675	676	259	9
675000677	675	677	240	33
676000607	676	607	412	24
676000671	676	671	235	32
676000675	676	675	259	26
676000678	676	678	245	15
677000406	677	406	120	14
677000675	677	675	240	27
677000678	677	678	272	13
677000687	677	687	262	24
678000673	678	673	220	32
678000676	678	676	245	0
678000677	678	677	272	15
678000688	678	688	251	31
679000610	679	610	286	6
679000680	679	680	204	20
679000681	679	681	281	15
680000404	680	404	76	3
680000488	680	488	178	7
680000611	680	611	260	20
680000679	680	679	204	8
681000487	681	487	82	1
681000623	681	623	259	23
681000679	681	679	281	11
681000691	681	691	240	34
682000406	682	406	147	6
682000487	682	487	182	18
682000488	682	488	166	18
682000692	682	692	240	8
683000673	683	673	256	21
683000684	683	684	270	38
683000685	683	685	224	22
683000688	683	688	251	25
684000674	684	674	257	26
684000683	684	683	270	29
684000728	684	728	235	30
685000411	685	411	182	8
685000683	685	683	224	10
685000686	685	686	210	15
685000690	685	690	229	20
686000685	686	685	210	0
686000730	686	730	235	2
687000407	687	407	103	2
687000677	687	677	262	13
687000688	687	688	265	25
687000689	687	689	301	6
688000678	688	678	251	7
688000683	688	683	251	9
688000687	688	687	265	32
688000690	688	690	319	41
689000408	689	408	131	6
689000687	689	687	301	15
689000690	689	690	240	19
689000699	689	699	290	3
690000410	690	410	174	14
690000685	690	685	229	15
690000688	690	688	319	42
690000689	690	689	240	13
691000481	691	481	145	6
691000486	691	486	144	20
691000681	691	681	240	22
691000692	691	692	253	7
692000407	692	407	148	3
692000682	692	682	240	32
692000691	692	691	253	28
692000694	692	694	310	4
693000479	693	479	113	2
693000483	693	483	30	3
693000694	693	694	257	17
693000703	693	703	308	46
694000408	694	408	127	12
694000539	694	539	37	4
694000692	694	692	310	23
694000693	694	693	257	21
695000411	695	411	62	1
695000696	695	696	239	22
695000697	695	697	278	29
695000700	695	700	330	20
696000695	696	695	239	1
696000698	696	698	259	1
696000734	696	734	252	21
697000695	697	695	278	35
697000698	697	698	237	31
697000702	697	702	238	35
697000809	697	809	237	5
698000696	698	696	259	33
698000697	698	697	237	17
698000736	698	736	259	12
698000810	698	810	280	34
699000538	699	538	27	2
699000689	699	689	290	27
699000700	699	700	245	11
699000701	699	701	220	22
700000410	700	410	65	7
700000695	700	695	330	46
700000699	700	699	245	14
700000702	700	702	306	4
701000474	701	474	104	0
701000699	701	699	220	8
701000702	701	702	206	4
701000813	701	813	266	23
702000697	702	697	238	32
702000700	702	700	306	19
702000701	702	701	206	11
702000814	702	814	273	26
703000478	703	478	161	21
703000693	703	693	308	14
703000704	703	704	257	20
703000705	703	705	251	0
704000538	704	538	251	19
704000539	704	539	293	34
704000703	704	703	257	3
704000706	704	706	273	6
705000476	705	476	121	3
705000635	705	635	254	14
705000703	705	703	251	15
705000706	705	706	248	5
706000474	706	474	147	4
706000475	706	475	185	3
706000704	706	704	273	35
706000705	706	705	248	9
707000473	707	473	263	7
707000475	707	475	104	2
707000476	707	476	167	5
707000638	707	638	247	35
708000388	708	388	174	11
708000709	708	709	418	16
708000714	708	714	419	27
708000913	708	913	1202	122
709000391	709	391	32	1
709000708	709	708	418	6
709000711	709	711	329	30
709000713	709	713	355	49
709000803	709	803	461	40
710000584	710	584	343	26
710000712	710	712	307	16
710000806	710	806	211	30
711000709	711	709	329	25
711000713	711	713	245	32
711000807	711	807	191	4
712000393	712	393	157	5
712000584	712	584	449	35
712000710	712	710	307	9
712000713	712	713	257	10
713000392	713	392	63	6
713000709	713	709	355	49
713000711	713	711	245	23
713000712	713	712	257	12
713000716	713	716	406	24
714000708	714	708	419	6
714000715	714	715	400	9
714000720	714	720	417	15
714000913	714	913	817	47
715000391	715	391	382	56
715000714	715	714	400	39
715000717	715	717	322	42
715000719	715	719	317	8
715000721	715	721	397	45
716000393	716	393	112	8
716000601	716	601	310	2
716000713	716	713	406	22
716000717	716	717	245	13
716000718	716	718	267	2
717000392	717	392	179	22
717000715	717	715	322	5
717000716	717	716	245	8
717000719	717	719	234	16
718000603	718	603	239	35
718000716	718	716	267	23
718000719	718	719	224	14
718000722	718	722	227	23
719000715	719	715	317	19
719000717	719	717	234	2
719000718	719	718	224	30
719000723	719	723	237	1
720000714	720	714	417	34
720000721	720	721	395	31
720000726	720	726	424	42
720000913	720	913	555	68
721000715	721	715	397	1
721000720	721	720	395	27
721000723	721	723	325	7
721000725	721	725	330	5
721000727	721	727	422	35
722000672	722	672	215	12
722000718	722	718	227	31
722000723	722	723	257	28
722000724	722	724	240	27
723000719	723	719	237	13
723000721	723	721	325	44
723000722	723	722	257	23
723000725	723	725	245	29
724000674	724	674	270	8
724000722	724	722	240	30
724000725	724	725	240	12
724000728	724	728	224	15
725000721	725	721	330	35
725000723	725	723	245	8
725000724	725	724	240	5
725000729	725	729	263	14
726000416	726	416	92	5
726000720	726	720	424	2
726000727	726	727	404	6
726000913	726	913	563	40
727000415	727	415	288	37
727000721	727	721	422	43
727000726	727	726	404	34
727000729	727	729	343	44
727000731	727	731	316	7
728000684	728	684	235	3
728000724	728	724	224	25
728000729	728	729	240	21
728000730	728	730	251	14
729000725	729	725	263	11
729000727	729	727	343	39
729000728	729	728	240	15
729000731	729	731	258	37
730000413	730	413	201	5
730000686	730	686	235	31
730000728	730	728	251	28
730000731	730	731	269	32
731000414	731	414	197	13
731000727	731	727	316	13
731000729	731	729	258	15
731000730	731	730	269	38
732000416	732	416	317	2
732000417	732	417	590	68
732000733	732	733	409	27
732000864	732	864	476	44
733000415	733	415	181	12
733000732	733	732	409	31
733000735	733	735	358	12
733000737	733	737	354	4
733000865	733	865	417	6
734000413	734	413	39	5
734000696	734	696	252	17
734000735	734	735	235	3
734000736	734	736	293	0
735000414	735	414	32	1
735000733	735	733	358	50
735000734	735	734	235	18
735000737	735	737	311	6
736000698	736	698	259	32
736000734	736	734	293	37
736000737	736	737	280	27
736000866	736	866	400	33
737000733	737	733	354	38
737000735	737	735	311	19
737000736	737	736	280	33
737000866	737	866	322	48
738000740	738	740	257	18
738000742	738	742	323	21
738000746	738	746	517	0
738000784	738	784	211	0
738000920	738	920	494	66
739000419	739	419	304	39
739000740	739	740	247	20
739000741	739	741	203	10
739000921	739	921	350	30
740000738	740	738	257	5
740000739	740	739	247	3
740000742	740	742	239	32
740000920	740	920	455	25
741000739	741	739	203	29
741000742	741	742	244	1
741000743	741	743	406	22
741000747	741	747	228	11
742000738	742	738	323	15
742000740	742	740	239	9
742000741	742	741	244	12
742000748	742	748	224	31
743000419	743	419	86	6
743000741	743	741	406	6
743000744	743	744	427	32
743000745	743	745	457	25
743000751	743	751	367	23
743000752	743	752	391	0
743000921	743	921	536	26
743000922	743	922	583	10
744000743	744	743	427	0
744000745	744	745	227	5
744000922	744	922	374	20
745000743	745	743	457	31
745000744	745	744	227	21
745000755	745	755	285	4
746000738	746	738	517	2
746000748	746	748	280	40
746000750	746	750	290	37
746000757	746	757	425	51
746000792	746	792	239	21
747000741	747	741	228	1
747000748	747	748	271	8
747000749	747	749	231	30
747000752	747	752	268	15
748000742	748	742	224	14
748000746	748	746	280	2
748000747	748	747	271	28
748000750	748	750	295	27
749000747	749	747	231	23
749000750	749	750	319	4
749000754	749	754	246	1
749000758	749	758	219	11
750000746	750	746	290	40
750000748	750	748	295	4
750000749	750	749	319	45
750000759	750	759	245	4
751000420	751	420	154	2
751000743	751	743	367	16
751000753	751	753	262	36
751000755	751	755	292	30
752000420	752	420	101	3
752000743	752	743	391	12
752000747	752	747	268	34
752000754	752	754	221	32
753000421	753	421	56	6
753000751	753	751	262	38
753000756	753	756	280	36
753000762	753	762	207	18
754000421	754	421	172	21
754000749	754	749	246	34
754000752	754	752	221	18
754000763	754	763	232	30
755000745	755	745	285	20
755000751	755	751	292	43
755000756	755	756	271	15
756000753	756	753	280	12
756000755	756	755	271	22
756000766	756	766	290	35
757000746	757	746	425	22
757000759	757	759	266	19
757000761	757	761	282	36
757000768	757	768	449	9
757000800	757	800	223	26
758000749	758	749	219	3
758000759	758	759	232	13
758000760	758	760	232	21
758000763	758	763	244	3
759000750	759	750	245	25
759000757	759	757	266	4
759000758	759	758	232	0
759000761	759	761	215	22
760000758	760	758	232	27
760000761	760	761	218	29
760000765	760	765	278	33
760000769	760	769	216	18
761000757	761	757	282	28
761000759	761	759	215	9
761000760	761	760	218	0
761000770	761	770	229	18
762000422	762	422	52	5
762000753	762	753	207	10
762000763	762	763	251	9
762000764	762	764	269	18
763000754	763	754	232	31
763000758	763	758	244	19
763000762	763	762	251	8
763000765	763	765	282	39
764000423	764	423	36	1
764000762	764	762	269	16
764000765	764	765	255	33
764000773	764	773	248	18
765000760	765	760	278	10
765000763	765	763	282	38
765000764	765	764	255	30
765000774	765	774	241	25
766000422	766	422	217	8
766000756	766	756	290	23
766000767	766	767	220	29
767000423	767	423	245	13
767000766	767	766	220	30
767000777	767	777	275	35
768000584	768	584	609	63
768000757	768	757	449	2
768000770	768	770	380	6
768000772	768	772	311	23
768000808	768	808	215	29
769000760	769	760	216	28
769000770	769	770	227	25
769000771	769	771	272	25
769000774	769	774	313	38
770000761	770	761	229	19
770000768	770	768	380	36
770000769	770	769	227	5
770000772	770	772	243	33
771000585	771	585	233	19
771000769	771	769	272	30
771000772	771	772	236	16
771000776	771	776	234	30
772000586	772	586	230	6
772000768	772	768	311	14
772000770	772	770	243	25
772000771	772	771	236	18
773000424	773	424	78	2
773000764	773	764	248	36
773000774	773	774	243	14
773000775	773	775	203	9
774000765	774	765	241	32
774000769	774	769	313	26
774000773	774	773	243	18
774000776	774	776	241	4
775000425	775	425	157	10
775000589	775	589	298	21
775000773	775	773	203	28
775000776	775	776	229	5
776000590	776	590	286	42
776000771	776	771	234	23
776000774	776	774	241	32
776000775	776	775	229	21
777000424	777	424	223	2
777000767	777	767	275	18
777000778	777	778	280	32
777000779	777	779	227	19
778000429	778	429	166	10
778000597	778	597	638	55
778000777	778	777	280	14
778000779	778	779	311	19
779000425	779	425	89	5
779000427	779	427	159	2
779000777	779	777	227	6
779000778	779	778	311	39
780000781	780	781	425	50
780000785	780	785	512	46
780000914	780	914	811	118
780000916	780	916	476	61
781000780	781	780	425	44
781000782	781	782	406	21
781000786	781	786	406	44
781000917	781	917	446	39
782000781	782	781	406	43
782000783	782	783	421	61
782000787	782	787	427	29
782000917	782	917	494	72
782000918	782	918	570	26
783000782	783	782	421	43
783000784	783	784	296	33
783000788	783	788	332	37
783000789	783	789	341	5
783000918	783	918	599	15
783000919	783	919	540	73
784000738	784	738	211	31
784000783	784	783	296	44
784000792	784	792	464	9
784000919	784	919	441	11
785000780	785	780	512	46
785000786	785	786	422	21
785000793	785	793	418	40
785000914	785	914	554	3
786000781	786	781	406	19
786000785	786	785	422	25
786000787	786	787	418	35
786000794	786	794	413	56
787000782	787	782	427	23
787000786	787	786	418	32
787000789	787	789	362	14
787000791	787	791	344	37
787000795	787	795	422	23
788000783	788	783	332	41
788000789	788	789	263	10
788000790	788	790	203	7
788000792	788	792	210	0
789000783	789	783	341	18
789000787	789	787	362	36
789000788	789	788	263	33
789000791	789	791	207	6
790000788	790	788	203	12
790000791	790	791	277	12
790000792	790	792	205	18
790000796	790	796	239	33
791000787	791	787	344	39
791000789	791	789	207	9
791000790	791	790	277	36
791000797	791	797	219	21
792000746	792	746	239	2
792000784	792	784	464	4
792000788	792	788	210	11
792000790	792	790	205	8
792000800	792	800	479	36
793000785	793	785	418	12
793000794	793	794	418	37
793000801	793	801	422	6
793000914	793	914	522	77
794000786	794	786	413	30
794000793	794	793	418	45
794000795	794	795	422	60
794000802	794	802	445	16
795000787	795	787	422	20
795000794	795	794	422	37
795000797	795	797	348	1
795000799	795	799	343	51
795000803	795	803	440	33
796000790	796	790	239	25
796000797	796	797	215	22
796000798	796	798	263	38
796000800	796	800	199	27
797000791	797	791	219	15
797000795	797	795	348	27
797000796	797	796	215	12
797000799	797	799	219	25
798000796	798	796	263	34
798000799	798	799	220	13
798000800	798	800	208	0
798000804	798	804	269	27
799000795	799	795	343	31
799000797	799	797	219	31
799000798	799	798	220	30
799000805	799	805	216	5
800000757	800	757	223	23
800000792	800	792	479	7
800000796	800	796	199	10
800000798	800	798	208	29
800000808	800	808	743	5
801000389	801	389	575	13
801000793	801	793	422	21
801000802	801	802	425	59
801000913	801	913	1495	6
802000388	802	388	287	19
802000794	802	794	445	53
802000801	802	801	425	15
802000803	802	803	418	26
803000709	803	709	461	25
803000795	803	795	440	3
803000802	803	802	418	29
803000805	803	805	354	27
803000807	803	807	344	14
804000798	804	798	269	14
804000805	804	805	216	29
804000806	804	806	228	23
804000808	804	808	206	22
805000799	805	799	216	16
805000803	805	803	354	37
805000804	805	804	216	3
805000807	805	807	229	15
806000710	806	710	211	31
806000804	806	804	228	15
806000807	806	807	352	31
806000808	806	808	217	9
807000711	807	711	191	24
807000803	807	803	344	7
807000805	807	805	229	21
807000806	807	806	352	38
808000584	808	584	638	88
808000768	808	768	215	11
808000800	808	800	743	96
808000804	808	804	206	21
808000806	808	806	217	27
809000697	809	697	237	35
809000810	809	810	250	33
809000811	809	811	237	34
809000814	809	814	223	13
810000698	810	698	280	0
810000809	810	809	250	4
810000812	810	812	241	18
810000866	810	866	389	26
811000809	811	809	237	25
811000812	811	812	230	26
811000816	811	816	229	28
811000817	811	817	232	5
812000810	812	810	241	7
812000811	812	811	230	27
812000818	812	818	233	33
812000866	812	866	388	41
813000472	813	472	83	4
813000473	813	473	86	12
813000701	813	701	266	30
813000814	813	814	226	13
814000702	814	702	273	7
814000809	814	809	223	25
814000813	814	813	226	15
814000816	814	816	237	32
815000471	815	471	230	18
815000472	815	472	133	0
815000638	815	638	343	9
815000821	815	821	215	7
816000471	816	471	37	1
816000811	816	811	229	33
816000814	816	814	237	32
816000822	816	822	234	28
817000470	817	470	44	2
817000811	817	811	232	30
817000818	817	818	247	12
817000819	817	819	211	10
818000812	818	812	233	27
818000817	818	817	247	10
818000820	818	820	256	9
818000869	818	869	380	19
819000469	819	469	20	1
819000817	819	817	211	13
819000820	819	820	211	0
819000829	819	829	227	11
820000818	820	818	256	2
820000819	820	819	211	13
820000830	820	830	285	28
820000869	820	869	340	28
821000815	821	815	215	1
821000822	821	822	237	26
821000823	821	823	224	32
821000826	821	826	263	24
822000470	822	470	202	4
822000816	822	816	234	27
822000821	822	821	237	32
822000824	822	824	237	34
823000821	823	821	224	3
823000824	823	824	237	23
823000828	823	828	230	21
823000833	823	833	247	8
824000469	824	469	241	6
824000822	824	822	237	29
824000823	824	823	237	27
824000834	824	834	301	44
825000638	825	638	218	0
825000649	825	649	241	13
825000826	825	826	221	5
825000827	825	827	261	14
826000638	826	638	288	9
826000821	826	821	263	3
826000825	826	825	221	7
826000828	826	828	236	25
827000651	827	651	239	30
827000825	827	825	261	30
827000828	827	828	239	32
827000837	827	837	230	14
828000823	828	823	230	10
828000826	828	826	236	7
828000827	828	827	239	31
828000838	828	838	218	24
829000457	829	457	219	0
829000468	829	468	80	10
829000819	829	819	227	15
829000834	829	834	319	4
830000468	830	468	171	21
830000820	830	820	285	0
830000832	830	832	247	8
830000872	830	872	358	12
831000457	831	457	43	6
831000836	831	836	221	12
831000845	831	845	358	35
832000459	832	459	76	9
832000830	832	830	247	17
832000872	832	872	377	39
833000455	833	455	162	7
833000823	833	823	247	28
833000834	833	834	293	28
833000838	833	838	271	12
834000456	834	456	121	8
834000824	834	824	301	28
834000829	834	829	319	26
834000833	834	833	293	17
835000455	835	455	171	14
835000836	835	836	224	21
835000840	835	840	231	3
835000846	835	846	418	22
836000456	836	456	145	20
836000831	836	831	221	13
836000835	836	835	224	7
836000846	836	846	380	55
837000827	837	827	230	6
837000838	837	838	227	0
837000839	837	839	296	22
837000842	837	842	217	3
838000454	838	454	116	17
838000828	838	828	218	14
838000833	838	833	271	21
838000837	838	837	227	34
839000837	839	837	296	10
839000840	839	840	234	31
839000844	839	844	237	4
839000847	839	847	383	35
840000454	840	454	147	14
840000835	840	835	231	14
840000839	840	839	234	13
840000847	840	847	384	33
841000453	841	453	89	12
841000663	841	663	250	12
841000842	841	842	234	12
841000843	841	843	251	21
842000651	842	651	270	29
842000837	842	837	217	23
842000841	842	841	234	1
842000844	842	844	234	28
843000665	843	665	224	5
843000841	843	841	251	18
843000844	843	844	255	35
843000848	843	848	387	15
844000839	844	839	237	9
844000842	844	842	234	22
844000843	844	843	255	35
844000848	844	848	360	42
845000459	845	459	463	22
845000467	845	467	125	14
845000831	845	831	358	41
845000846	845	846	472	61
845000875	845	875	428	57
846000835	846	835	418	41
846000836	846	836	380	18
846000845	846	845	472	30
846000847	846	847	460	14
846000856	846	856	451	49
847000839	847	839	383	46
847000840	847	840	384	18
847000846	847	846	460	59
847000848	847	848	457	0
847000857	847	857	497	61
848000447	848	447	335	21
848000843	848	843	387	18
848000844	848	844	360	54
848000847	848	847	457	21
848000858	848	858	435	6
849000447	849	447	112	10
849000664	849	664	353	17
849000665	849	665	389	58
849000851	849	851	428	33
849000853	849	853	387	44
849000859	849	859	442	53
850000668	850	668	230	19
850000851	850	851	288	3
850000852	850	852	220	10
850000854	850	854	203	12
851000669	851	669	277	11
851000849	851	849	428	40
851000850	851	850	288	1
851000853	851	853	247	37
852000850	852	850	220	9
852000853	852	853	209	22
852000854	852	854	231	12
852000860	852	860	365	31
853000849	853	849	387	6
853000851	853	851	247	37
853000852	853	852	209	31
853000860	853	860	346	13
854000670	854	670	619	83
854000850	854	850	203	26
854000852	854	852	231	17
854000861	854	861	542	14
854000905	854	905	500	46
854000907	854	907	358	15
855000466	855	466	100	5
855000467	855	467	353	30
855000856	855	856	445	48
855000878	855	878	479	45
856000846	856	846	451	5
856000855	856	855	445	66
856000857	856	857	457	68
856000863	856	863	424	57
857000847	857	847	497	65
857000856	857	856	457	17
857000858	857	858	448	13
857000885	857	885	443	2
858000446	858	446	145	10
858000848	858	848	435	45
858000857	858	857	448	12
858000886	858	886	460	41
859000446	859	446	313	40
859000849	859	849	442	64
859000860	859	860	490	18
859000887	859	887	553	11
860000852	860	852	365	24
860000853	860	853	346	7
860000859	860	859	490	17
860000861	860	861	281	39
860000888	860	888	500	56
861000854	861	854	542	21
861000860	861	860	281	6
861000888	861	888	544	79
861000907	861	907	394	37
861000910	861	910	577	7
862000465	862	465	270	18
862000466	862	466	324	43
862000863	862	863	508	37
862000889	862	889	450	38
863000856	863	856	424	27
863000862	863	862	508	19
863000885	863	885	423	62
863000890	863	890	539	19
864000732	864	732	476	40
864000865	864	865	404	58
864000867	864	867	517	54
864000913	864	913	1401	37
865000733	865	733	417	22
865000864	865	864	404	12
865000866	865	866	421	1
865000868	865	868	739	47
866000736	866	736	400	47
866000737	866	737	322	5
866000810	866	810	389	29
866000812	866	812	388	25
866000865	866	865	421	4
866000868	866	868	622	35
866000869	866	869	494	18
867000864	867	864	517	7
867000868	867	868	443	23
867000870	867	870	412	54
868000865	868	865	739	30
868000866	868	866	622	57
868000867	868	867	443	62
868000869	868	869	421	4
868000871	868	871	497	40
869000818	869	818	380	52
869000820	869	820	340	6
869000866	869	866	494	41
869000868	869	868	421	17
869000872	869	872	478	66
870000867	870	867	412	27
870000871	870	871	467	51
871000868	871	868	497	15
871000870	871	870	467	17
871000872	871	872	416	36
871000874	871	874	472	8
872000460	872	460	352	10
872000830	872	830	358	0
872000832	872	832	377	23
872000869	872	869	478	42
872000871	872	871	416	14
873000462	873	462	207	26
873000874	873	874	462	1
874000461	874	461	141	9
874000871	874	871	472	62
874000873	874	873	462	40
874000875	874	875	409	58
875000460	875	460	133	3
875000845	875	845	428	31
875000874	875	874	409	22
875000878	875	878	490	28
876000462	876	462	261	28
876000877	876	877	463	33
876000879	876	879	487	73
877000461	877	461	352	51
877000876	877	876	463	10
877000878	877	878	457	45
877000880	877	880	467	6
878000855	878	855	479	57
878000875	878	875	490	49
878000877	878	877	457	5
878000881	878	881	476	10
879000876	879	876	487	18
879000880	879	880	467	37
879000882	879	882	472	6
880000877	880	877	467	33
880000879	880	879	467	25
880000881	880	881	468	12
880000883	880	883	421	57
881000465	881	465	149	19
881000878	881	878	476	64
881000880	881	880	468	43
881000884	881	884	425	32
882000879	882	879	472	60
882000883	882	883	462	5
883000464	883	464	235	25
883000880	883	880	421	8
883000882	883	882	462	53
884000464	884	464	191	17
884000881	884	881	425	22
884000889	884	889	472	45
885000445	885	445	382	48
885000857	885	857	443	15
885000863	885	863	423	17
885000892	885	892	498	56
886000445	886	445	63	8
886000858	886	858	460	8
886000887	886	887	410	8
886000892	886	892	408	55
887000859	887	859	553	4
887000886	887	886	410	7
887000888	887	888	473	45
887000893	887	893	412	47
888000860	888	860	500	56
888000861	888	861	544	26
888000887	888	887	473	26
888000894	888	894	416	18
888000910	888	910	451	20
889000862	889	862	450	10
889000884	889	884	472	11
889000895	889	895	515	51
890000863	890	863	539	6
890000891	890	891	451	50
890000896	890	896	496	20
891000890	891	890	451	61
891000896	891	896	532	5
891000897	891	897	338	32
891000899	891	899	431	52
892000885	892	885	498	74
892000886	892	886	408	24
892000897	892	897	304	42
893000887	893	887	412	21
893000894	893	894	469	48
893000898	893	898	449	61
893000901	893	901	683	54
894000888	894	888	416	51
894000893	894	893	469	24
894000910	894	910	638	84
895000889	895	889	515	76
895000896	895	896	451	34
896000890	896	890	496	2
896000891	896	891	532	14
896000895	896	895	451	46
896000899	896	899	554	44
897000443	897	443	78	11
897000891	897	891	338	8
897000892	897	892	304	40
897000899	897	899	396	3
898000442	898	442	389	36
898000443	898	443	239	0
898000893	898	893	449	63
898000900	898	900	336	32
899000442	899	442	167	6
899000891	899	891	431	4
899000896	899	896	554	21
899000897	899	897	396	31
900000898	900	898	336	6
900000901	900	901	473	50
901000893	901	893	683	31
901000900	901	900	473	51
902000513	902	513	215	7
902000541	902	541	481	36
902000542	902	542	253	22
902000660	902	660	362	14
902000661	902	661	477	6
902000670	902	670	622	88
903000514	903	514	157	7
903000516	903	516	538	55
903000542	903	542	368	4
903000543	903	543	84	1
903000544	903	544	323	35
904000544	904	544	195	21
904000906	904	906	488	52
905000513	905	513	547	51
905000514	905	514	676	70
905000670	905	670	600	31
905000854	905	854	500	66
905000906	905	906	581	74
905000907	905	907	426	26
906000516	906	516	97	0
906000904	906	904	488	20
906000905	906	905	581	49
906000908	906	908	458	43
906000909	906	909	689	61
906000931	906	931	887	116
907000854	907	854	358	19
907000861	907	861	394	54
907000905	907	905	426	40
907000908	907	908	466	16
907000910	907	910	664	91
908000517	908	517	153	1
908000906	908	906	458	40
908000907	908	907	466	62
908000911	908	911	685	41
908000912	908	912	739	20
909000517	909	517	263	34
909000906	909	906	689	79
909000912	909	912	590	6
910000861	910	861	577	86
910000888	910	888	451	53
910000894	910	894	638	67
910000907	910	907	664	74
910000911	910	911	422	24
911000518	911	518	316	3
911000908	911	908	685	99
911000910	911	910	422	2
912000518	912	518	98	1
912000908	912	908	739	87
912000909	912	909	590	48
913000417	913	417	207	14
913000708	913	708	1202	74
913000714	913	714	817	4
913000720	913	720	555	69
913000726	913	726	563	20
913000801	913	801	1495	210
913000864	913	864	1401	142
914000389	914	389	238	32
914000780	914	780	811	114
914000785	914	785	554	7
914000793	914	793	522	49
914000915	914	915	1312	9
915000914	915	914	1312	5
915000916	915	916	470	64
916000780	916	780	476	27
916000915	916	915	470	19
916000917	916	917	458	32
917000781	917	781	446	1
917000782	917	782	494	35
917000916	917	916	458	2
917000918	917	918	488	51
918000782	918	782	570	78
918000783	918	783	599	54
918000917	918	917	488	24
918000919	918	919	473	55
919000783	919	783	540	20
919000784	919	784	441	32
919000918	919	918	473	54
919000920	919	920	413	50
919000924	919	924	611	35
920000738	920	738	494	68
920000740	920	740	455	51
920000919	920	919	413	6
920000921	920	921	428	49
921000418	921	418	232	27
921000739	921	739	350	33
921000743	921	743	536	50
921000920	921	920	428	23
922000418	922	418	286	6
922000743	922	743	583	18
922000744	922	744	374	18
923000418	923	418	539	27
924000919	924	919	611	49
925000390	925	390	416	12
926000417	926	417	377	31
927000462	927	462	467	55
928000463	928	463	958	85
929000442	929	442	379	51
930000518	930	518	559	28
931000906	931	906	887	61
932000515	932	515	356	17
933000534	933	534	358	14
